5041
4977
5040
5021
4968
5052
5019
4978
5020
4954
5094
4964
5053
5024
5042
5015
5025
5043
5044
5073
5101
4979
4980
5045
4981
5086
4997
5027
4982
4996
5046
4983
4803
5074
5095
5065
5093
5001
5008
4984
5075
5076
5089
5103
4793
66055
5085
5077
5022
4985
5078
5054
5002
5032
5058
5068
4987
5079
5080
5039
5048
5081
5088
4988
4604
4989
5026
5102
5003
5034
5087
5145
5049
4998
4995
5013
4957
5005
5006
5023
5070
5009
5007
5010
5029
4607
5050
4956
4993
5082
4605
4994
5004
5051
4653
4970
4986
5084
5092
5241
5091
5156
5155
5235
5213
5170
5236
5234
5201
5237
5169
5183
5229
5239
5230
5184
5185
5171
5168
5198
5214
5062
5215
5217
5254
5189
5238
5199
5218
5219
5220
5167
5200
5244
5188
5190
5140
5216
5261
5063
5240
5222
5223
5191
5255
5203
5224
5202
5212
5231
5259
5192
5225
5264
5186
5204
5205
5061
5206
5226
5193
5194
31280
31282
5195
5232
5207
5233
5263
5227
5210
31283
5211
5105
30914
5256
5197
30916
5187
5269
5228
5083
5208
5196
5250
5257
5277
33811
5209
5251
5249
33814
30913
35077
35877
35075
35561
35074
35073
35562
35606
35876
35563
35564
35896
34494
35565
35897
34488
35584
35585
34495
34496
35575
35898
36207
34489
36333
35900
35586
36238
36260
35587
35215
36560
36561
35899
36926
34490
36351
34502
35579
36158
35576
35566
35577
35580
35902
35578
35903
35904
34497
35567
35591
35914
34491
35609
35905
34492
33812
35592
35593
34498
34493
35588
35568
42256
36951
36952
35589
35906
36222
41662
35569
35581
30915
35595
4990
35895
35918
36335
41407
35570
35907
36239
34501
34500
35571
35911
35582
35608
35860
40704
35583
35596
35912
44923
36288
35574
36562
35913
36334
45576
45605
45869
45606
45607
45844
45845
45861
45874
45609
46148
45924
45710
46147
45925
45875
45862
45577
45709
45846
45878
45879
45128
45863
45708
45876
46593
45578
45711
45136
45579
45712
45129
45580
36564
45581
45881
45130
45882
45582
46249
45713
45584
46381
45138
45883
45585
45973
45714
45974
46394
46149
45139
45715
47845
41803
46237
47613
45716
45717
45885
45886
45586
46764
45587
46765
47744
45588
45589
45718
45131
45719
45888
45140
45889
47020
45590
45591
45594
45884
45592
45740
45141
45132
45877
45687
45595
45596
45688
45721
45722
54339
45720
45849
47748
47301
45142
45600
51316
45137
45610
42718
45723
45850
45133
46238
45134
49386
45892
45724
50632
45601
45603
45604
36603
45135
49198
45852
45725
46259
45853
45851
80041
80086
54379
54659
54599
54660
54453
54926
54454
54600
54588
54601
54661
54602
54603
54792
50533
54662
54605
54589
54604
54303
54407
54775
54782
54455
54390
54607
54927
54928
54378
54593
54608
54370
54594
50048
54606
54304
54620
54663
54610
54621
57319
54305
54664
54371
80029
55579
54622
54372
54769
54623
54624
54666
55730
54929
54306
54373
47745
54930
54800
80031
54308
54625
54669
54670
54613
54776
55731
80030
54671
54672
54374
54615
54626
54673
50527
54674
60952
54676
58440
54616
54675
58963
63502
54677
94390
55945
54678
54931
54963
54779
54932
79976
54307
63797
54774
54933
54778
56312
50528
50781
54310
54629
54376
58427
58596
79977
80042
54680
57288
54311
54681
80033
54630
54793
54377
54596
80032
54597
54780
54631
78939
79578
79579
79581
79680
79681
79758
79777
80276
80278
80279
80280
80281
80285
80286
80287
80288
80289
80290
80291
80292
80349
80551
80552
66973
66974
66920
66628
79679
66629
79577
79685
66630
66921
66946
66975
66976
66977
79753
66388
66627
80282
66978
80337
66631
66979
66980
68601
66922
66846
66981
80246
66947
66982
68518
79751
79752
79762
69778
66983
68401
79491
68807
66632
68279
67093
67532
68317
66847
79449
66633
66923
80565
66997
79974
68319
78941
79644
66924
67174
80344
80345
85925
78895
66925
66948
79554
79750
79775
66634
66987
66988
67175
80083
80087
66950
68320
79677
66848
67116
80530
80339
66949
67176
68321
78922
78940
80563
50529
66635
67094
78894
79772
80531
66926
66990
78921
54408
68322
79770
67177
68323
78956
79684
79874
66849
66991
79557
79621
80016
80533
66927
66928
66996
78952
78925
66636
79553
67178
68324
78903
78923
79873
55597
80347
80348
66850
78950
78951
79561
66637
68809
78927
80562
66638
66929
66930
68810
79559
80014
80338
66688
79776
80553
78897
67095
79774
79870
66933
66993
67180
78926
80084
80085
88197
80018
63905
66851
79433
79481
79768
79769
79682
79683
68314
79551
80013
67533
79550
80277
66639
80564
66934
80340
80346
67182
78829
78949
79771
80017
66935
79552
66936
79560
79607
64534
66427
66995
78924
78962
79975
79555
79978
79448
80015
74333
79875
92745
66998
68325
66852
68326
69477
79496
79508
79979
80532
103853
66853
79669
79678
80283
66854
67166
68811
70076
79876
80463
80554
68328
79871
66855
80247
79801
66951
66952
92741
80244
80245
91008
91778
92222
98562
98563
101255
101270
79580
79582
92307
98008
79708
78747
91728
92402
93071
92083
82785
78746
80632
79482
79583
80117
92302
81877
92236
92624
78748
79584
82784
92623
79587
80027
92350
92503
91715
78445
79428
79483
79585
79586
81459
92633
82971
98596
78732
82786
82787
92626
80810
92101
79592
78733
79484
90985
79593
80852
80028
91931
92566
91765
78726
92390
92724
78606
79595
80258
91770
92484
92964
79596
80257
80701
91565
91571
80695
92482
80169
80853
80854
92374
79589
79597
86428
91697
90892
92375
79709
86425
92107
92677
78734
81458
79710
91722
91786
92086
78727
79711
90890
90894
92563
94571
101584
79594
79712
79713
92405
92132
92138
74903
78728
79598
80980
91769
79393
79486
80253
92583
92042
79714
80856
91530
91763
91766
92319
93123
90990
91567
91734
97542
78735
90897
91637
91660
91707
91831
75367
79487
80858
86430
92564
80254
81278
92046
92347
92595
79715
80199
91762
92702
78729
91834
92106
79716
79717
86422
91768
92693
91805
92267
92320
92547
92607
91704
79599
92053
92453
78730
79407
79718
80255
81279
91885
92459
86407
79600
79720
90895
91954
92044
92219
92364
92450
97540
101622
102535
79719
90898
70007
80078
91771
79721
81280
91932
91988
92321
91753
91978
92243
92369
92565
79722
91964
92015
91917
97541
78736
79724
89677
91928
81288
91653
91967
97543
75615
79601
79725
80464
80703
91555
91825
92672
78731
92161
80023
74437
91710
91764
92485
92708
90896
92032
79602
79726
80922
92027
93059
80200
91005
91745
92063
92398
92640
79603
91569
92038
92271
101608
94582
79604
80256
80905
83145
92290
73413
79417
79729
80079
93465
81281
92606
80080
91837
92168
92483
85474
91675
91828
91884
92340
92494
92684
79590
79591
80081
80903
80996
90147
92070
92289
92449
92635
80860
91599
92553
103116
92010
92413
79488
92387
92407
93068
92309
92510
101612
79429
80936
79427
92655
92654
92687
92615
92617
92627
102379
102356
93458
101279
103221
92291
92593
91489
92378
101460
91601
85967
91602
92506
101387
91490
91598
93570
103771
102344
111862
102887
102960
92979
101246
91491
91603
92980
102368
102534
91779
93646
91493
101504
102980
91604
101156
101383
90816
91605
91780
102405
102458
91028
91494
91606
91607
103181
110895
102571
91608
91032
91609
91610
91611
91953
92592
103110
91495
93950
91461
91462
91613
103177
91033
97897
90161
91781
92275
101366
102674
101471
103136
98175
101150
90162
91423
101377
111510
102883
111006
111007
91615
91617
91618
97874
101538
102896
102460
111560
111567
91463
91464
111354
102741
103178
90163
91424
92404
103132
102298
102733
91620
91465
111357
102939
91034
91782
92264
100944
101444
102624
111518
90164
102792
102858
103138
91621
101244
91425
91029
91467
97549
101034
79411
91468
91496
91622
93470
101261
101465
102633
102916
101437
102418
102596
91784
98270
92277
81047
97136
97544
101556
102476
102914
102347
91035
93371
91623
91624
97530
100942
102507
102566
103133
101557
102488
91470
91471
92278
100955
85966
91426
91472
92279
101166
101549
101459
102326
91469
97137
98267
100943
101297
91473
91474
92544
91413
91475
92594
101039
101413
101470
102424
102456
90976
71375
92280
98271
101172
101479
111801
100980
90165
91030
91477
92505
102690
102925
91427
91476
98251
91429
91628
91990
102561
102703
103131
111195
111275
103118
101554
102628
98394
100951
101220
91478
91573
102721
100665
91036
91479
101267
101317
102785
103120
111356
91480
91481
101016
101356
101406
102334
102667
111359
90166
100937
91482
101466
102604
102955
103180
103187
101042
101221
101253
102570
102783
91483
101395
90167
91484
91630
101455
102329
102416
102464
102717
111192
91485
91513
92978
102652
111198
111211
101452
102398
102441
102584
102623
103146
91428
92496
93374
90168
94951
102632
111346
102522
111355
92281
90815
92963
101494
102634
102965
102984
101495
101266
91038
93513
102449
102817
103863
91625
92258
91634
102305
102312
102720
101568
102593
111457
79546
91040
91486
92922
98457
102484
102487
91041
91783
91497
97204
101559
102485
102654
102907
92282
103194
91785
102714
102408
91635
91991
92283
111287
111513
102831
111098
103801
91636
111144
103185
103224
122297
122299
103770
110558
102877
101505
111097
111229
100884
103631
101507
110211
148201
111579
103073
95436
95437
101027
100909
103772
103807
101508
110503
100910
100998
101140
121481
101509
110089
101510
110860
100912
97636
100913
101511
111242
101512
101513
101515
111241
100582
100999
110257
111883
110190
100914
101001
101516
110365
111234
101002
101517
110247
106366
110720
110765
100885
100886
101003
100583
110584
110585
111321
112766
101004
101005
97637
107248
110543
101388
101389
101519
102757
102829
100584
100625
101518
111605
97639
100887
100915
110268
110363
111224
97653
107249
110433
101520
103452
110426
110836
100888
100585
101006
102758
122747
102732
110796
121470
100626
102830
110760
97640
110598
111138
101521
101582
110208
110804
94389
100916
110333
110224
110882
122714
122749
96749
100889
103072
111070
111252
111227
110005
110540
111061
111257
111535
97641
101149
100890
100627
100891
101523
103605
110829
111402
111405
111422
110112
110603
110805
110277
103379
103658
110485
110730
100957
100630
102759
110010
110335
110618
110233
102760
110221
111406
97642
100893
100894
110610
120093
101524
100587
100958
100895
102761
110822
102762
110699
97643
97646
103615
110781
110896
110298
111166
101526
110159
110228
110515
110517
110613
111400
100897
100628
100898
110212
111124
111129
110992
107716
110169
110456
110627
110116
100900
110629
100901
100588
100644
110602
110241
110549
100902
110577
122711
100636
110114
110738
111592
110903
109598
110086
111164
121519
100959
100903
100904
110133
110633
110289
103380
109576
110739
110753
111168
111372
97644
100905
100629
100979
110527
110790
111597
102816
110875
111160
97645
98582
119239
122281
110009
110269
110395
111361
121514
100896
96819
110082
110345
111418
102764
106767
110055
111396
100589
110179
111078
111079
122466
111052
111053
111557
111609
101528
110684
111155
110780
110876
121467
101531
102765
122334
122447
100907
100908
121456
111599
100590
110770
121458
100591
101009
110786
111413
122727
102854
96454
111384
121495
101532
111460
111786
111980
107291
123174
121492
109703
110649
122134
109694
147019
109656
111121
112763
124257
110651
110650
111532
107158
119214
110653
111122
111765
123429
110652
109657
110654
110655
110656
111119
110657
110658
111434
113019
113121
123081
110659
113533
110469
122029
110470
110493
110669
110740
109658
115488
122053
107159
110742
111448
123262
110678
121765
110741
119221
121891
122127
123293
110660
117149
109695
111612
111615
121689
110661
111614
122407
115484
122105
109659
110745
110662
107160
111449
122136
110663
110744
119235
122594
111534
122035
109696
119238
109660
121980
124283
111616
117136
117227
122017
122406
109661
111451
111617
121831
121970
123233
122139
107161
109697
110664
123173
123238
123655
123311
123435
110471
121508
110665
121690
123105
109698
111618
121905
123104
109699
110499
123167
123481
110666
111619
117285
121636
121940
122118
121638
110458
110494
122210
122584
111699
111452
111717
121688
121935
122638
122997
124253
112686
111453
111620
112687
110479
110667
110668
111454
119248
123052
107162
112903
111621
121700
122254
109662
110495
110680
122427
109702
122137
111450
107277
121810
122437
123909
109701
112684
112970
110496
122106
119662
121762
109643
110454
110480
119245
109663
121835
121867
110481
110497
111622
111700
121843
122101
123308
124013
110498
121722
112992
122409
111623
112991
112990
123277
107163
112993
122138
121847
121828
121893
122661
123443
110484
109664
110500
111695
121718
122419
122632
124248
110455
121679
121735
121760
123059
123270
110501
121988
122046
107164
184632
121898
111604
112685
123466
109665
111515
111626
121819
109666
121977
111627
111628
109668
110461
110746
111392
111456
121717
121876
122363
122394
122658
123239
122414
111629
110679
121859
122070
109670
109669
109672
110747
110670
122623
123422
119091
123555
122767
110748
119089
123282
132799
132801
132807
140327
122087
119257
147012
122088
122089
133223
146038
121585
124628
121608
121747
121771
122091
123681
124045
122302
122507
131483
135833
146100
146362
122303
123535
117280
122307
124279
122304
122305
122306
122365
124297
133232
121586
122312
122972
132470
122309
122310
124625
124970
121748
121772
122313
124351
121773
122314
122366
146490
122094
121587
121774
141631
121749
131936
146364
131971
96852
122092
124493
132376
146101
128137
127223
121775
121776
128102
146242
121750
122367
117281
122368
131453
122315
128111
146669
131951
121751
131939
144390
121589
121610
121777
122317
122369
135684
117282
121603
122370
131906
121590
122318
146109
132260
146086
121778
131480
128100
129662
131534
146467
121611
124444
127874
121591
121779
122371
127396
128128
131937
135401
146377
121780
127340
131446
131560
146079
122511
131947
132385
146382
118897
121592
121781
122372
127391
139655
127347
146504
121612
121782
121593
122374
124188
146465
152525
121783
122601
127896
131537
132479
146374
121784
122319
122375
127489
121605
121752
121785
121786
122376
127897
132490
128090
128156
131445
121384
122378
131444
133255
139654
146684
121594
121789
122377
128151
131455
132549
136589
142385
121383
121382
121381
121581
122647
124138
128084
130820
133083
146072
121582
131917
113553
124942
131969
129624
121583
121604
122512
129632
131461
132261
140901
121790
132488
140902
146372
96333
121787
121753
121791
131471
122379
122323
129812
131513
131522
113552
122381
121792
122382
131540
129679
121595
122383
122514
131417
132476
122322
121795
122324
121796
122646
131436
131508
136621
121584
121797
130829
131422
131423
131530
122385
123383
131935
131953
131979
146582
152898
113006
121596
121632
133109
131726
121799
131973
121800
131961
117107
184630
131566
131258
132484
121788
131553
132546
140903
121597
131567
143291
146500
121801
121802
123022
131984
146238
131576
122386
131557
122175
146042
121599
132334
131563
121613
122326
131966
131995
121806
122388
122387
121600
122144
122145
122147
122148
122149
122389
121601
131587
121842
122513
122325
131703
121755
131928
122327
131707
132106
146244
121602
122328
132282
121756
131927
132379
121754
144335
132257
131240
121757
131926
132107
152787
121758
132325
132600
132362
142026
142037
146237
152038
152127
142276
146247
135069
131674
140363
144334
141452
142002
129734
130093
132908
131188
131189
131190
141323
132961
131337
131338
140602
147025
129735
131934
132133
142597
131339
131372
131373
132944
140950
141522
142403
142645
130073
131247
131340
131675
141436
145920
127481
130079
131336
131341
131342
131343
131345
130106
131344
135347
142604
147002
131346
141321
131191
131374
131785
137283
143212
152011
131192
131193
135852
131347
130107
135742
136250
140358
140510
144336
135840
141483
131248
131375
131376
135670
135699
135848
142715
143290
145939
153226
140963
141428
131249
135388
136627
140601
140674
145857
131676
136607
131348
146149
127482
131194
131377
131678
131736
141236
142404
131548
131677
131349
131378
135712
140718
131550
131195
131196
131549
131350
131589
131551
141992
146686
130108
141615
141851
142095
143124
143241
144765
153169
131739
132118
136295
140362
140829
141649
130109
136644
141591
141878
130110
131351
131379
131380
141320
141574
142233
127483
130078
136323
136340
136632
145861
146156
137090
141477
152188
131679
137278
142110
136723
129736
131352
140216
140619
141461
141755
142386
143279
131197
131680
133023
137262
140342
140682
141289
145879
131381
136830
137145
140376
140970
141450
127484
130111
131382
131198
137905
140710
141425
142269
142436
152146
130080
140637
141137
141251
130074
130112
140312
140339
140523
140839
141771
142229
144779
152176
131353
131681
131199
131200
140990
141542
142180
130113
131682
140205
140596
140434
132101
127485
131383
131384
131590
131793
137267
141265
141281
141951
131202
131683
139671
140729
141468
142138
131792
131794
131795
141385
141825
139663
141239
127486
131424
131431
131684
131685
130081
131796
139665
140673
141263
141492
142005
142376
144783
131203
132798
139676
140625
140653
130114
131355
131385
131737
140377
141310
141595
142199
142469
131959
131960
140172
140347
140792
140854
141129
127487
131333
129739
153632
112941
142120
143210
145873
141524
141643
141819
142000
144312
131386
131686
132797
140650
131387
140302
140982
152057
140306
140861
141227
141543
131388
141901
141333
130072
146231
136276
140503
141334
141810
142211
145876
131389
131391
136277
141533
144313
144784
136397
140399
152461
130115
131390
140800
141504
131738
127488
184627
141203
141218
141600
131204
140349
141401
130116
131470
139758
140583
141645
142390
143467
130075
131181
139757
141301
141565
142384
142246
129740
131201
131393
140582
141170
141598
141660
141795
141917
131392
131394
131688
141510
141837
142151
130117
131395
141164
141269
143236
143243
131396
131689
141308
141894
142591
143195
139737
141342
141402
141416
152013
181519
141550
129741
130076
131397
131398
141394
144396
131206
144341
141379
141653
142396
143077
143078
143162
143205
125402
130118
130077
131460
142022
130119
141950
143284
156614
136606
143126
143380
152310
152333
152339
130121
140665
144386
131358
140235
145881
131205
131357
143146
140635
143090
131695
131696
141293
141294
139734
143133
144485
144695
131207
144420
143529
143465
142012
146993
151918
140654
144226
156231
140374
140554
141171
142326
141172
141173
141343
140556
140557
141174
141175
141345
143018
141344
140269
140655
140658
144159
140911
141176
144154
140270
139719
144259
141177
140295
145307
140819
141348
141178
141180
141181
141182
140255
140558
140912
141184
140256
140271
140560
140561
140257
140562
140659
141189
140660
140915
140916
140258
141349
140656
141190
141346
139720
140566
140657
140820
142013
141353
140259
140567
144124
140661
140272
139721
140273
141361
142014
139722
140570
140925
140926
140274
140927
140928
141196
141356
140823
140571
140572
141197
140825
165060
141357
141358
158670
141350
141359
140264
140929
141198
157954
153295
156831
140930
156229
158689
140935
156076
140844
141360
161387
140933
140934
140931
140932
157005
142328
142329
153426
141449
155184
152761
140826
140573
141422
139724
140936
151800
153463
155138
140937
139726
148927
156342
160479
140821
151888
155472
157908
140266
140265
140574
140939
140940
153326
155528
140822
145974
156340
157739
140260
140669
140941
141363
142863
145975
157787
157929
141355
141364
141365
142015
155175
157959
156233
140275
140668
156341
140276
140418
141340
141341
141362
140579
140568
140569
140262
141351
141366
148710
151055
140261
140943
141367
140575
140913
140267
141368
141369
155275
140268
152276
155249
155315
155318
141370
140576
140577
141266
141354
142455
155129
141347
140923
140924
141195
141194
141199
141200
156008
140563
140564
140565
141371
141193
156419
158593
163688
164033
164121
164289
164303
164312
164403
164423
164428
158607
154604
154605
165064
155521
164468
158357
157796
154609
154873
154350
154876
154874
154875
153777
155515
155516
162585
154610
154611
176882
141201
154878
165082
156215
156216
154353
159167
163968
155156
176881
164006
152693
154582
152694
152695
152696
154355
159159
161439
164010
154354
159215
164348
157970
164446
154880
155155
156987
159171
164362
154356
154357
160476
162499
164692
153775
154616
154617
159875
154612
154613
152697
152698
154358
154359
161235
158634
162509
164147
154614
154360
158635
159671
161450
164364
153774
154584
154361
154615
159942
160579
154586
155158
161451
164389
154362
153773
156220
158636
155159
154364
154365
158585
155576
154366
154367
160571
160962
162491
160333
164140
164447
160708
164363
163663
164410
164440
154620
160899
163667
163976
164903
154369
154881
156436
158290
160724
160769
163917
165526
160760
154370
155577
131299
154371
154372
160938
161518
164021
165585
163992
164444
154373
162515
153772
161505
164000
164087
154883
163551
154375
154621
156217
156719
161244
130051
161522
163981
154376
164752
195002
131301
164066
164717
164959
154377
162529
162655
164973
165578
156363
164962
165076
141442
156437
154368
154378
154379
156157
141443
141444
162630
163936
163983
164014
153776
141445
154380
154622
162559
155161
163491
163492
165127
165584
156329
149966
155157
163902
165467
165512
165711
154381
155154
154606
154607
163923
163972
165568
154879
155517
157523
154382
155162
155153
155518
155163
152699
163074
163672
165077
165458
154384
164749
164461
164970
155164
156635
164102
164539
165570
154581
154618
154619
164346
155165
155167
154623
163674
164518
154877
154591
163833
154594
155519
164338
162107
154595
155520
159732
162486
154385
160278
165068
165207
156983
162511
154351
159916
162690
154352
154871
155168
163456
141202
165106
154625
154882
154626
162644
154870
156330
164438
154872
164509
164500
164579
164711
164716
155169
161380
163455
165555
164811
173705
174221
168057
164335
163465
164167
163695
163696
164168
172836
174234
163610
166321
164712
162681
162682
164710
165183
176845
173601
173671
173304
173732
174172
174244
163636
164169
164170
164275
164867
163466
162680
164171
165184
174318
174399
166503
174300
163697
163698
166306
166352
174194
174243
164272
167206
162687
164273
165185
166266
166393
169743
163699
163700
163950
163637
163638
165186
165617
165618
167209
164846
168011
163639
165619
173739
163910
163911
168576
163703
164847
173385
173728
173807
174674
162689
164173
168583
169009
171593
173285
179768
164174
168045
165187
163951
165005
168600
169756
164848
163609
163468
169749
172989
173788
175643
163640
163470
164465
173383
173681
163469
163641
164172
166150
166167
166168
167913
170609
173382
174612
174813
164175
168708
172254
163643
169618
174293
174359
174424
163701
163702
165006
168315
164597
163471
168611
173195
173554
168802
173540
174138
163704
163705
163952
164599
164600
168862
169781
173210
175082
173754
166278
174434
186185
165801
166207
165802
165803
163473
163646
163710
164596
170753
174367
163472
169617
170751
170838
171457
172243
173319
174182
174889
175144
171492
163647
170600
173259
174686
163474
163485
163914
163953
166279
169319
171482
175078
171467
164050
169003
159913
163648
163712
170622
172742
173238
174429
171926
163711
173604
163650
163649
170630
173180
164276
173624
174342
174387
175415
164184
166221
163651
172260
173502
163476
163718
169017
172070
173920
173608
170794
171432
172832
173530
174665
131291
163912
163913
164329
164176
166280
170809
171420
174265
174900
174305
164466
170761
171543
173404
163652
165007
165396
168934
171561
151071
172079
174161
163477
163654
170851
173325
174326
175076
162717
163655
171730
172775
174446
166166
172569
173315
173900
163715
166164
172076
172457
173423
163658
173168
173448
174904
163660
163478
166277
172781
172995
173472
174206
163479
163657
172736
172795
165261
165397
165092
173921
176874
166281
173928
161332
164598
173600
173745
163480
164177
164763
170047
172765
172823
173109
173353
174968
175059
175092
173982
173995
174414
174605
165806
170117
169980
172825
172831
173481
175070
165808
165807
164178
165809
169063
164179
165804
173538
173549
174436
163481
163716
174650
163954
173727
175430
173618
182391
164185
163717
167916
174803
176879
180337
163955
168935
173634
174074
174331
175170
171656
163482
163956
164701
164274
170179
174598
175085
170608
170876
174886
163467
163483
164180
163713
163958
174094
174123
174881
163484
174818
174986
165740
166041
167660
175382
165562
166276
163719
165563
166572
164181
175052
163568
184628
163721
163959
164182
173500
163722
175055
175406
163720
170178
175027
175023
179257
176836
170877
173856
175584
178150
185905
182565
176869
172261
173666
175744
173556
185941
174051
174442
178145
185674
173667
173557
178140
185683
173668
173669
173852
173917
173139
173140
173558
173670
179246
179265
185929
173640
175168
173559
184995
173560
173686
173561
173562
173563
173564
173853
186272
172676
171975
173672
175667
177640
185923
172679
172680
173143
173144
173565
179242
179243
180361
179848
173237
170599
171977
172677
173141
173142
173854
181257
172678
179264
180906
173145
173146
180805
173687
182838
185614
173855
175434
181271
180645
181613
173566
173567
179746
179776
180855
185908
180769
181605
182921
185611
173147
173568
173690
185324
185767
172818
173673
181279
173569
174015
173326
173327
173674
180796
183458
185820
174016
182581
174017
174019
174034
174037
174040
173570
180028
182850
173571
174024
180030
180795
180862
180057
181171
172684
173691
171973
172683
181256
185089
185137
185713
171972
173572
175831
173148
185750
182604
173150
173151
173573
179385
183387
185940
175437
173152
173153
173164
173574
181169
185738
185772
172685
172686
173575
173656
173657
174957
175560
185326
173658
173692
180870
181142
181146
181147
182588
184172
172512
181556
182554
185318
181172
181482
184293
184916
185631
185782
184224
182628
179354
172687
173693
182522
182853
185604
185915
175439
173368
173577
181479
182502
182535
182846
184310
171978
171981
172688
185718
172689
182653
185299
173578
184906
172690
182553
182771
182885
185471
173694
174958
172691
181225
182667
182789
166203
184388
184402
172692
171982
172693
182783
184417
185319
185561
185679
173696
182479
182673
182700
182758
185087
185795
185802
185902
173579
184368
173580
175989
182620
182827
182856
185323
172819
173042
174960
182728
173155
173156
185058
173647
171976
173581
182854
185512
185645
168484
172694
183427
185223
185668
186266
184908
180312
185519
172695
173582
182829
182834
185392
182636
183388
184834
171974
173584
184470
184504
184859
186150
172513
185090
173328
173641
173157
173585
183395
185209
168875
172696
173586
184282
185064
172815
172816
183460
184499
185173
172697
172817
184189
184911
185085
185238
174028
172698
176636
183829
184456
185321
185485
187664
173642
179161
185835
174029
173587
172699
172820
183824
185320
176798
173660
173661
174959
185086
185390
185829
185632
176683
172517
172700
173588
182035
184998
185300
185577
173159
173160
173161
173697
176682
171979
173576
183851
184042
185229
185452
185791
185174
173583
181052
184618
184826
185274
185531
185726
185731
184302
185186
185388
170132
173746
184223
184279
184281
185325
173108
176797
173589
185498
163949
184365
179162
173643
186057
175735
172701
184899
185618
186059
173154
173162
173163
173644
186056
186064
186261
172702
175736
185391
185623
175442
172681
172821
183281
172682
184945
184952
184973
185240
171980
183649
185912
186151
171957
173701
185389
185841
173662
173663
186264
183629
185387
173645
173702
173165
173590
176805
186974
173591
185846
185854
173646
173703
173158
173699
175441
185843
186027
173166
173167
173592
185861
173704
175443
173329
186065
171958
184913
175436
186418
186025
186872
188496
187377
185877
185034
185035
184790
184791
184683
184684
186745
184735
184685
184686
184687
184689
185876
183768
184688
186718
185036
185875
184792
185543
186124
186828
193726
194583
194577
184690
184691
186910
189020
183779
184795
184797
183762
186302
183780
184692
187290
184793
187391
184798
185037
186132
184407
184693
184694
187357
184408
184828
186125
183788
188611
184794
184695
184696
189021
189024
184736
184799
186626
194895
186303
184409
184410
184801
185038
187917
190768
193785
194902
184704
188493
184411
184706
184829
186102
188566
190600
194578
184705
184737
184800
185647
188811
188895
194884
195084
184802
184656
184698
184699
189392
184700
188688
188839
194611
184830
188503
184703
186743
184657
184701
184702
187267
194896
184803
184412
189382
194551
194574
194575
184414
183763
183781
184413
184658
184697
194584
194883
184804
193781
194443
194899
194900
186039
183769
183782
186201
191510
194556
183770
194513
194787
194877
183764
184415
187319
190349
194881
184805
184416
186126
187320
189664
190388
185648
186520
189680
189733
184418
184419
184741
189671
190343
190550
194926
184420
184806
185649
191962
194760
186614
190537
191545
194852
191946
184422
183783
190730
184421
185698
190375
190726
191370
194910
194921
185696
185697
185695
183784
184424
185699
190400
194688
184423
184742
184807
190577
194474
194566
194318
183785
184426
184427
190771
190603
194835
194880
191383
184430
184831
186541
191380
191525
191548
184708
184743
184810
191382
191398
191420
191495
191509
194381
194389
194908
195004
191538
183765
184811
184833
186542
191427
191947
194714
194927
184432
184434
185651
191955
183786
184435
184707
191549
194915
194922
194944
194975
193979
184812
186304
193557
184436
194620
194648
194894
194901
163893
184709
186452
194909
184438
194333
184809
191948
194356
184815
193983
194678
185704
193727
193765
194408
194646
184813
184814
194879
194990
195032
185703
185702
185701
194903
194833
194886
184441
184816
185705
194913
179826
185804
193755
194426
194486
194923
163894
194924
194897
184443
184817
184818
186127
194391
194460
194621
194706
183772
183789
184710
184711
194755
194882
194797
194808
194888
183766
183773
184447
184789
184819
186543
188889
194344
194546
184448
194449
194993
195082
184993
194390
184712
194485
194528
184744
184746
184832
184449
184521
184745
186305
191332
194480
194980
195083
194976
194982
183774
184520
194481
194483
184450
194981
194914
194928
183775
185650
194661
186128
186742
194938
183767
183787
184660
186129
186306
184713
184714
194533
194534
194836
184661
184662
185646
184452
194912
194929
190802
194550
183777
184663
194945
194748
194986
184821
186131
183776
183778
184823
184822
194925
195048
194967
186307
184820
194920
194917
184716
184717
194911
194919
194994
186308
184664
195091
184715
194934
184718
191302
194241
194961
194962
194966
194987
195034
194195
194196
194757
194857
194932
194719
194933
194718
194198
194275
194276
194210
194906
195031
195052
195064
194250
194251
194199
194277
194278
194861
194992
195008
195009
195028
194862
194942
194252
194253
194943
194977
194979
195010
194995
194720
194863
194864
194948
194972
195029
195033
194219
194279
194949
195018
195062
194721
194282
193912
194904
195017
195035
195095
195016
193769
194722
194907
195015
194953
194978
195078
194254
194441
194854
195005
195049
194947
195011
195020
193913
193997
194191
194192
194723
194867
194868
195081
195019
195025
195065
195070
194211
194215
194255
194256
194724
195024
195098
194866
194971
195036
195063
194220
194257
195026
195037
195038
195039
195040
195043
195074
194869
194988
195012
195041
195042
194212
194258
195096
194725
194890
194951
194260
194262
194261
194983
195054
195071
195045
195072
191832
194263
194264
194202
194726
195067
195105
191836
191837
191838
195092
195046
195050
195060
195073
194931
194991
195044
195053
195055
195057
195068
191839
195030
194970
195027
195051
194203
194265
194287
194288
195056
195069
195075
194885
195023
194916
194193
194194
194213
194266
195066
195104
194727
194728
194855
194870
194939
194208
195077
194984
194876
194891
194936
194973
195106
194267
195090
195100
195099
194963
194964
194968
194221
194268
195102
183831
194291
194292
194313
195103
194871
194954
195022
195101
195089
195107
194731
194000
194697
194269
194996
194729
194730
194732
194856
194872
194873
194270
193770
194293
194442
194733
194935
194197
194204
194222
194744
194294
